Td	ID	Tj	DF	Dd	Db	Ta


3	1	0	2	1	3	2

3	7	0	2	1	3	2

3	4	0	2	1	3	2

4	2006	1	1	2	3	2

4	14	2	1	1	2	3

5	2002	1	1	3	4	2

6	25	4	1	1	2	5

6	12	2	1	3	4	3

7	2001	1	1	5	6	2

7	2004	1	2	4	6	3

9	22	4	1	4	5	5

9	32	8	1	0	1	9

10	35	8	1	1	2	9

10	8	2	1	7	8	3

10	13	2	1	7	8	3

11	2003	1	1	9	10	2

11	24	4	1	6	7	5

12	2005	1	1	10	11	2

17	2008	8	1	8	9	9

17	2007	8	1	8	9	9

17	2021	14	2	1	3	16

18	2019	13	3	2	5	16

18	2009	8	1	9	10	9

18	28	4	1	13	14	5

18	6	0	2	16	18	2

18	55	17	1	0	1	18





<<<<<<< HEAD
Draw
=======
15	2017	12	1	2	3	13

15	23	13	1	1	2	14

15	26	13	1	1	2	14

17	34	15	1	1	2	16

17	32	15	1	1	2	16

17	25	13	1	3	4	14

18	2020	12	1	5	6	13

18	2014	12	1	5	6	13

19	19	9	1	9	10	10

19	40	17	1	1	2	18

24	2033	16	1	7	8	17

24	2030	16	1	7	8	17

19	38	17	1	1	2	18

19	36	17	1	1	2	18

19	29	15	1	3	4	16

20	9	7	1	12	13	8

20	20	9	1	10	11	10

20	31	15	1	4	5	16

20	27	13	1	6	7	14

20	39	17	1	2	3	18

21	21	9	1	11	12	10

21	41	17	1	3	4	18

21	33	15	2	4	6	17

21	24	13	1	7	8	14

22	22	13	1	8	9	14

22	12	7	1	14	15	8

22	28	13	1	8	9	14

24	48	23	1	0	1	24

24	46	23	1	0	1	24

25	30	15	1	9	10	16

25	35	15	2	8	10	17

25	49	23	1	1	2	24

26	2027	17	1	8	9	18

26	2021	17	1	8	9	18

27	2026	17	1	9	10	18

27	2032	24	1	2	3	25

27	2011	5	3	19	22	8

27	44	23	1	3	4	24

27	45	23	1	3	4	24

28	2036	25	1	2	3	26

28	2041	25	1	2	3	26

29	2037	25	1	3	4	26

29	2040	25	1	3	4	26

29	2034	24	1	4	5	25

29	2029	24	1	4	5	25

29	2023	17	10	2	12	27

29	43	23	1	5	6	24

29	51	26	1	2	3	27

30	47	23	1	6	7	24

30	55	26	1	3	4	27

30	56	26	1	3	4	27

30	54	26	1	3	4	27

31	52	26	1	4	5	27

31	50	26	1	4	5	27

32	2044	28	1	3	4	29

32	2047	28	1	3	4	29

32	2024	17	10	5	15	27

32	2025	17	10	5	15	27

32	2008	5	3	24	27	8

32	2007	5	9	18	27	14

33	62	31	1	1	2	32

34	2039	25	1	8	9	26

34	2038	25	1	8	9	26

34	2048	28	1	5	6	29

34	53	26	1	7	8	27

34	69	32	1	1	2	33

34	70	32	1	1	2	33

34	67	32	1	1	2	33

34	63	31	1	2	3	32

34	59	31	1	2	3	32

35	2060	31	1	3	4	32

35	2033	24	1	10	11	25

35	2043	28	1	6	7	29

35	2055	30	2	3	5	32

35	2050	30	2	3	5	32

35	2064	32	1	2	3	33

35	2069	32	1	2	3	33

35	2030	24	3	8	11	27

35	2035	25	2	8	10	27

35	2022	17	10	8	18	27

35	2019	12	2	21	23	14

35	74	33	1	1	2	34

36	2059	31	1	4	5	32

36	2031	24	1	11	12	25

36	2028	24	1	11	12	25

36	2049	30	2	4	6	32

36	2056	31	1	4	5	32

36	2051	30	2	4	6	32

36	2068	32	1	3	4	33

36	2062	31	1	4	5	32

36	2054	30	2	4	6	32

36	2052	30	2	4	6	32

36	2045	28	1	7	8	29

36	75	33	1	2	3	34

37	2042	28	1	8	9	29

37	2057	31	1	5	6	32

37	2066	32	1	4	5	33

37	2058	31	1	5	6	32

37	65	32	1	4	5	33

37	76	33	1	3	4	34

37	77	33	1	3	4	34

38	2067	32	1	5	6	33

38	2070	36	1	1	2	37

38	2071	36	1	1	2	37

38	2072	36	1	1	2	37

38	91	35	1	2	3	36

38	90	35	1	2	3	36

39	2076	36	1	2	3	37

39	66	32	1	6	7	33

39	71	33	1	5	6	34

39	88	35	1	3	4	36

40	2061	31	1	8	9	32

40	2065	32	1	7	8	33

40	2080	37	1	2	3	38

40	2079	37	1	2	3	38

41	2053	30	2	9	11	32

41	86	35	1	5	6	36

41	68	32	1	8	9	33

41	72	33	1	7	8	34

41	57	31	1	9	10	32

41	81	34	1	6	7	35

41	89	35	1	5	6	36

41	87	35	1	5	6	36

42	2046	28	1	13	14	29

42	2063	32	1	9	10	33

42	2082	37	1	4	5	38

42	80	34	1	7	8	35

42	64	32	1	9	10	33

42	82	34	1	7	8	35

42	85	35	1	6	7	36

42	79	34	1	7	8	35

42	84	34	1	7	8	35

43	78	34	1	8	9	35

43	73	33	1	9	10	34

43	61	31	1	11	12	32

43	60	31	1	11	12	32

43	83	34	1	8	9	35

44	58	31	1	12	13	32





Aliens Won the Battle
>>>>>>> 88930e26a60af64c9f814cb8f3932cbba460196f



============================== Earth Statistcs  ===============================

ES #: 24
Percentage of destructed ES: 33.3333%
Percentage of Infected:4.166667
ET #: 28
Percentage of destructed ET: 17.8571%
EG #: 2
Percentage of destructed EG: 100%
Percenta e of total destructed units: 27.7778%


============================== Aliens Statistcs  ===============================

AS #: 13
Percentage of destructed AS: 46.1538%
AM #: 13
Percentage of destructed AM: 30.7692%
AD #: 9
Percentage of destructed AD: 11.1111%
Percenta e of total destructed units: 31.4286%
